### ~/VorlesungenUndPraktika/RZyklen/Daten/Brillenschoetchen.R
### Die metrischen Rohdaten der Brillenschötchen von § 4.3.2
###**********************************************************************

X1 <- c(298, 345, 183, 340, 350, 380, 190, 351, 443, 290, 160, 298, 185,
        370, 245, 377, 92, 380, 195, 265, 232, 358, 290, 307, 433, 255,
        320, 237, 472, 438, 250, 340, 204, 282, 195, 251, 90, 200, 350,
        620)

X2 <- c(50, 65, 32, 77, 65, 85, 36, 63, 97, 140, 48, 50, 26, 84, 62, 137,
        36, 70, 48, 63, 75, 64, 48, 125, 95, 51, 78, 39, 66, 138, 90, 91,
        52, 80, 72, 67, 24, 58, 70, 48)

X3 <- c(1, 2, 0, 5, 2, 2, 0, 3, 3, 4, 0, 2, 4, 3, 1, 2, 4, 5, 6, 4, 3, 2,
        0, 3, 3, 0, 3, 2, 2, 4, 3, 2, 2, 3, 3, 3, 1, 3, 4, 4)

X4 <- c(6, 7, 5, 17, 5, 7, 4, 15, 8, 4, 7, 8, 8, 9, 7, 5, 7, 15, 6, 6, 6,
        11, 12, 10, 16, 6, 6, 8, 8, 8, 3, 10, 6, 14, 10, 6, 2, 4, 10, 10)

X5 <- c(39, 47, 18, 29, 45, 50, 26, 58, 80, 15, 29, 46, 28, 82, 43, 47,
        33, 70, 20, 52, 70, 39, 39, 58, 96, 23, 53, 23, 60, 96, 12, 76,
        44, 58, 32, 51, 14, 28, 45, 40)

X6 <- c(27, 25, 23, 27, 23, 25, 28, 30, 28, 32, 25, 29, 28, 33, 32, 28,
        25, 22, 25, 23, 26, 28, 30, 32, 31, 31, 34, 29, 36, 33, 30, 29,
        27, 27, 29, 26, 23, 24, 26, 26)
